2
6 97
405 184 474 381 239 193
6734 2335 860 4716 448 5997
3092 6066 972 9263 796 9000
2992 1166 32 8688 184 2354
1712 6475 529 9117 977 7081
2323 3655 526 1472 139 1904
9047 5885 910 8571 18 1542
4006 2455 573 5970 385 4793
15 833 371 8302 20 8467
5066 3577 765 3815 68 1148
369 8285 245 8490 619 861
4065 9657 995 4856 790 5939
914 564 785 9359 518 7159
433 3648 628 1176 549 4650
5285 5362 511 4523 42 2453
621 3389 156 7756 171 8767
5491 1447 253 3533 354 3216
6629 9105 595 8978 559 9776
433 6730 742 4734 783 6495
8104 6319 669 5837 253 1689
1425 4352 204 1289 241 1159
573 4402 299 1480 596 3079
604 1298 40 8900 322 5850
4341 3418 645 3840 779 6459
5471 6886 901 3231 9 9991
4971 7634 573 9061 26 5218
1021 7730 674 329 890 4460
7629 5177 360 9993 737 5601
894 7957 633 3719 551 7514
5729 1082 962 3261 936 7486
5742 1759 926 9486 684 9897
1755 4942 806 4571 928 3777
5286 6250 782 7289 767 262
7032 8031 663 4910 490 5695
8014 501 713 1221 901 5843
9971 3061 531 5349 481 8746
1931 3666 669 1284 387 2047
2254 8046 273 1397 902 5006
2987 3746 813 4905 60 9921
1634 1247 691 9353 254 5026
8548 4079 661 1241 223 3302
8338 261 756 2198 340 9867
5699 7866 434 7645 735 2892
2694 8426 929 5976 173 3286
2060 2880 486 7268 112 8625
2295 6303 52 1195 730 8118
7886 3245 738 3877 674 9085
6943 2463 815 6287 849 999
1860 379 819 777 617 1917
612 5360 427 2999 658 227
3251 5700 705 4492 703 72
929 8987 538 2627 148 5125
2 9637 835 735 587 7499
8178 9680 740 6217 86 3132
7301 6776 794 973 917 1232
8369 875 484 6520 516 551
8084 1294 883 7677 243 2909
6874 4563 769 7953 675 4146
8384 6868 71 6597 331 9783
8597 7995 227 7637 443 124
4380 9396 730 1480 672 3414
4126 335 214 2873 39 3859
3482 3066 529 9093 694 6649
8280 7075 759 9225 507 8728
5400 2683 523 7705 909 7569
4651 1488 578 8998 850 5151
1749 6027 638 6666 666 7637
9476 1535 348 4891 70 351
9386 2659 952 1716 290 7670
3072 2205 659 5950 583 4352
7523 6009 857 5821 874 9694
3684 1516 27 5434 493 7052
3855 5392 240 5970 461 1692
7063 2404 445 2763 592 7634
5466 2391 832 9708 193 2464
8750 5488 353 8717 99 9355
1664 1827 444 3134 462 6896
918 6091 467 5392 669 3946
8657 3178 869 2862 769 705
4796 4031 390 284 604 609
7158 5282 292 6524 385 6144
7826 784 546 9716 863 8736
3063 5239 26 7779 235 3003
1957 1665 665 9516 361 4196
1879 6002 407 3489 296 2101
8857 8451 755 9899 397 3731
7876 6854 380 8092 186 1928
3825 9515 274 7299 751 6529
5361 9248 697 9393 980 1532
3999 7126 772 1066 399 9618
2138 2697 851 5649 165 1545
3922 2906 4 6221 484 2140
434 8008 741 4929 548 9256
7585 3765 289 2825 968 6544
4557 6757 627 4460 693 9303
6712 5216 362 5623 368 8111
2526 7015 627 6004 783 4296
6507 4390 727 5841 578 2384
7 74
875 431 898 511 501 286 940
539 1748 3065 713 841 6504 4152
860 3763 1224 767 213 8963 7650
655 7941 1913 781 349 415 9914
169 2799 1256 8 462 934 6641
935 5528 5410 993 362 4354 8205
599 125 4968 953 313 9816 8297
852 7429 4429 312 917 6780 5871
187 4425 6112 914 228 651 3232
390 1152 127 473 543 4575 1840
226 2889 4508 563 615 4421 214
575 3248 1778 595 475 8596 1138
779 6047 5173 79 169 6758 2210
224 9655 8381 138 351 2549 1709
215 11 6617 807 672 3800 299
385 3543 4503 288 93 2863 6864
202 5323 5655 541 373 2794 3198
187 8076 765 411 228 2213 3088
977 7720 6947 49 514 58 9568
715 9665 4479 787 745 9661 2354
338 7817 8060 297 936 4265 1212
566 4881 727 412 629 8163 447
366 6541 2836 453 584 3362 6436
134 1431 5848 427 258 7435 5653
318 8457 3376 868 35 4394 5694
10 7814 2916 666 692 3038 511
428 2678 1892 329 557 5968 2222
956 9732 3467 574 500 6390 7428
767 5584 1017 545 377 6198 7450
283 1233 4070 608 391 5889 6330
977 1094 7508 429 286 3565 4353
551 5253 2498 620 55 4959 9044
223 3811 2105 144 53 9529 4918
617 2643 5721 974 416 5557 1902
358 4294 6008 483 328 3561 6844
836 4543 2362 757 297 2708 9463
249 5993 9554 315 384 9256 9332
110 5731 9705 141 801 2558 2901
450 840 4411 752 612 274 4705
258 9147 4631 127 42 5804 1476
754 2747 1397 24 207 9564 2966
863 4444 565 826 741 1388 7095
70 8974 8346 933 132 8356 475
535 5014 1424 572 151 20 8154
597 5156 4708 181 786 1852 5061
621 1886 4009 541 847 1817 5744
137 8735 2325 999 617 8283 1066
783 7159 2003 553 820 6869 2430
434 1084 7468 168 691 6067 7569
645 5507 2632 804 780 8292 4460
140 9295 7846 905 50 9211 343
27 7679 6420 660 844 1475 9617
502 4197 1396 824 129 3538 1996
291 320 8708 929 115 3089 1244
909 8622 8046 368 421 6021 9881
875 7682 7887 465 335 8085 359
14 7479 5253 509 312 1795 3315
802 5604 4106 906 972 1884 3803
23 1055 8741 142 699 4229 5040
678 1229 1781 201 884 9423 1685
262 7280 6605 8 439 8208 8756
75 9922 8044 767 836 190 2201
737 5303 5323 24 34 3910 7816
525 5038 355 953 475 3688 405
961 5159 1918 596 334 7944 8946
846 5729 1350 111 660 9451 2210
99 9717 208 375 166 6095 3375
817 7764 3291 869 196 7653 8260
932 6176 3090 437 840 5498 59
953 2306 3137 252 20 9135 8786
803 7730 7034 447 407 2963 8902
981 5843 8752 630 299 5383 1590
731 9989 8075 167 366 6654 4314
705 6802 2635 116 509 9514 1385
428 1819 185 825 207 8908 7923