Thread:
0
0
0
0
0
0
1
0
1
0
0
1
5
3
0
4
5
5
19
82
0
76
120
165
194
596
0
913
0
589
648
774
777
912
873
922
944
1025
1087
2352
0
1318
2802
0
1449
1546
1615
1507
3170
0
2816
1289
0
1260
1252
2093
0
1011
1853
0
872
807
1706
0
869
817
821
832
843
845
857
821
829
864
828
857
986
1081
1151
2651
0
1439
3130
0
1817
3242
0
1587
3089
0
1570
1579
1588
1622
3321
0
1556
2859
0
1406
3046
1545
0
3091
1669
0
3487
0
1741
1849
1829
3722
0
1835
3844
0
2054
4693
0
2482
2529
2203
1963
1624
1320
2225
0
1039
1094
1106
1093
1175
1166
1137
1210
1206
1189
1310
1292
1319
1347
1393
1460
1380
1337
1350
1378
1455
1471
1415
1449
1472
1494
1531
1688
1745
3544
0
1846
3580
0
1767
1705
1898
1823
3651
0
1778
1730
1653
1499
2750
0
1261
1118
1010
886
1602
710
0
651
678
664
704
1441
0
766
796
783
1569
745
0
1484
0
640
1189
0
509
954
0
430
869
0
921
444
0
442
964
0
989
503
0
474
1037
0
520
541
493
545
532
976
0
517
1075
0
606
1215
0
610
1133
0
521
1027
0
455
837
0
382
730
0
359
358
289
282
598
0
308
359
595
0
826
426
0
384
1376
0
